60273
60275
60275
16498
1535
5114
30276
38000
11757
31964
11061
20
22319
32281
25777
40748
9253
33486
1735
21
35760
19815
28851
38524
1575
23273
31240
4224
36456
20507
31043
32182
22199
6547
23755
40028
24833
10620
269
20583
30831
37779
21881
9919
22535
1
199
30
33352
2904
28223
27899
38691
37999
37450
38408
6702
18679
34134
34572
14719
11111
35849
28171
13601
3588
50265
28999
2001
29803
35790
44511
9989
40456
37521
15809
37510
28121
32937
226
8074
10087
34933
47778
37430
121
30503
14813
30654
28891
11617
42897
31478
2167
6746
34599
5081
12189
39535
38671
14741
40591
431
26243
48583
35507
9756
42249
164
7054
37520
13759
205
33206
6880
20899
813
32935
41587
11771
10793
36511
4181
4898
23283
18897
18153
35120
19
37349
31933
32282
39587
34577
853
26055
33255
17265
11741
48736
14227
20785
22297
523
23847
918
51009
40852
36474
5680
223
17895
14513
30015
15583
37991
35073
48561
30240
889
38826
22043
35968
40839
39551
36098
35788
40221
45576
6045
38101
50602
43608
30296
38883
27775
2025
1689
356
32
16592
35062
32615
777
21995
39617
23289
37675
41353
52991
42203
20787
849
15451
48926
10165
2251
51019
37799
33487
32995
41025
24439
30484
36649
33674
32867
34566
16782
52034
39195
47
25013
16894
14345
28701
38680
25157
18115
30694
245
40776
457
11887
32729
37347
227
11843
10408
40496
2966
28623
1195
4654
41457
42310
28907
29786
12355
42361
49926
10719
934
38040
24703
249
41487
18507
339
28927
28677
37105
40956
2236
37086
40356
13125
39597
32542
52299
33506
6
24415
43299
37982
14467
41389
36896
1210
30307
31798
18671
32951
39547
46569
31859
37210
49596
39701
34902
270
31765
32998
11597
39783
437
36882
36949
38329
32901
50172
31722
11759
48316
7791
27787
51535
392
28825
1482
32949
877
11633
578
49918
2993
8769
23233
30123
31646
28297
35994
33
51096
40052
1818
17074
49387
23277
40834
2476
22789
30544
14713
34618
22147
16742
34280
790
14289
23281
34542
34612
1887
37141
33489
38003
19163
43
3455
9041
18277
28497
28977
38659
527
6347
225
37987
36475
8525
40540
47917
8841
52211
50346
39940
7674
40938
11499
17729
16870
40454
51179
23321
263
6213
7311
39534
36407
7724
3457
16067
512
9513
14075
11577
2034
136
35860
40750
2890
31580
15315
25183
39533
41467
39565
35203
31339
7593
54112
42923
2759
6707
38656
47194
5630
39247
38668
9969
6594
47790
31637
14749
25397
8425
1604
15689
48895
48580
34403
1943
31404
45613
46095
31442
34822
3784
38790
27631
4081
40902
120
9260
55701
355
14967
53887
48569
7088
4382
40417
48661
1519
48556
25781
34382
53393
5681
32105
35972
36296
34497
50709
34281
22729
36563
35839
34561
48483
8861
39196
1840
11013
9656
34798
37976
34881
71
50631
39463
10110
45
10162
5341
513
42938
8675
14833
48549
54492
52588
37171
16011
39017
41226
48413
23199
59
31741
34662
5958
31181
1889
46352
36862
43523
36038
40010
23673
35557
27989
18397
31758
32093
28755
41084
38555
38483
10800
8937
25537
31636
32899
33731
32887
7785
37984
24765
1691
40357
31757
3785
15225
40935
46102
40787
15051
3712
41168
38186
25835
41433
37345
49458
35851
34451
40911
53126
10863
232
21603
31737
41120
10161
41491
13659
237
34443
39741
6956
31953
13161
5530
24405
43692
42963
16417
21855
25159
17549
2593
323
28805
55888
52305
41623
34934
11319
12549
25681
50273
4214
28025
22265
33988
36946
51180
21843
40571
32380
29095
22145
4063
6573
54595
268
41710
19221
33502
12445
35180
30363
36633
35466
35247
30749
40507
36028
32686
552
39026
481
40530
8795
22135
41899
467
6033
6114
20541
27831
40586
50594
33049
18247
185
21647
44203
20031
12293
44074
52701
44961
7817
16049
10080
33475
12531
38472
11433
530
6675
41456
55813
11981
40908
15037
21405
43969
8676
3786
572
5
20853
1292
27833
40046
34626
37475
10790
46471
150
8630
28249
10490
66
31338
50608
13663
32262
40060
30727
33926
57334
49220
585
55791
53580
8516
12413
32379
40497
4752
22877
3470
154
24455
19369
31173
47160
228
384
48417
38397
33050
20057
38992
7711
38759
3002
11785
32189
16762
7647
47164
35838
54856
26349
10030
13667
11285
857
17513
235
40904
38572
32827
41488
37786
41094
16706
16662
54744
38753
35222
36793
44037
35413
2605
49520
57
21085
42351
41619
50739
39792
15379
51958
43690
52578
16524
37497
34636
37095
21431
30016
10495
38993
50425
5682
9181
37744
11703
2418
2246
28725
9617
27991
39326
5042
41402
6500
40716
9289
430
37435
12365
202
2104
10396
30911
15417
17247
24
44942
50461
820
33028
54789
48760
9367
31704
31772
48849
20767
861
12467
31764
486
27821
52830
39468
32828
12291
52347
34437
20021
34240
48761
22101
34096
10163
21327
34279
38080
50175
1698
22663
36106
31658
24133
39710
54900
39198
35639
53998
40262
14349
50612
55644
1726
27655
40595
34984
37517
18677
9515
2787
50330
31952
14199
170
36726
10213
14131
9379
37965
21557
32648
8086
1559
4059
4901
40056
41380
40004
50380
51552
20689
21939
36470
35847
28819
35946
41345
49470
442
10721
36286
2472
33743
51105
31163
48415
759
101
6211
31845
9936
11933
33253
72
15085
39576
15039
53411
387
50197
47159
16918
39575
52198
51213
12477
39292
40594
5258
28735
35076
13655
49114
8407
48675
29758
37055
49891
38573
49709
6205
31229
12859
12729
34944
52741
38084
4975
54857
6811
50416
32902
35848
3731
35712
25099
1686
38778
597
38610
41006
21863
79
39523
51367
14829
7769
35608
44
29785
39586
39491
38414
21339
7592
11737
18753
30346
35928
34176
1530
43007
9062
4722
4437
68
31376
34104
24701
44524
16
19429
528
31374
189
19647
6512
41930
32188
38816
10588
42205
10521
49930
28675
49889
31
6351
47161
34012
41946
21105
42916
28979
41461
20047
42192
21877
210
73
43325
36023
8246
16001
25283
30885
11761
35376
48548
19111
34914
4155
38297
416
44200
26
329
7338
50307
20847
48414
2924
36432
44276
47257
43439
30458
3092
10589
5060
16904
10379
41468
19769
33161
55866
53446
23317
32268
48753
239
37569
3503
12175
51064
2889
36027
5300
25879
550
41109
31251
52807
38830
18245
18689
11665
48643
53613
42282
30736
51417
5277
54714
8129
15335
6324
41514
10067
3782
33836
41103
36266
40620
40421
38793
38480
5040
8460
14353
4282
58059
10568
18139
53111
4725
936
43609
21561
4835
39175
6682
39988
6773
16664
14397
49613
31988
31245
8424
38481
21273
28617
52865
36220
13535
145
37208
18179
31414
31904
20159
322
34712
22687
29093
5356
16934
19775
49438
36999
38594
48585
6747
49776
42340
10218
51462
1571
38474
1222
37451
6201
3783
50932
6922
177
12115
16201
41694
801
52635
9941
29854
12031
40542
40708
21033
60
42962
41312
186
2026
31490
50796
14837
9863
38249
440
53273
35330
34321
18119
7148
1281
39324
33047
40397
1313
4896
16009
40815
7193
49052
55690
35484
52173
2581
37614
2923
40174
47163
1827
5231
482
4565
31297
9926
12049
30205
433
35363
58426
50549
30187
8247
21511
37348
51498
49877
9760
12113
33478
32438
2129
4280
46985
36838
37202
16035
34498
51297
51815
42826
43814
39555
4186
40333
38349
3702
2144
13367
23309
5525
317
35079
35240
37989
51122
33421
13357
31405
25731
21507
24655
6325
31716
10029
12967
2994
57524
52046
543
40436
54918
17641
24231
5205
4999
64
50392
31812
37993
4087
11979
41812
44055
34019
37972
35843
42544
54898
40729
357
49784
54234
40483
5781
6166
39030
37491
13271
31629
16353
8557
11977
23623
37403
21659
35459
10711
8142
29067
51693
874
52736
37446
53439
10012
33286
10321
19685
38145
34825
38234
52093
55818
37393
39539
22777
35905
5909
12431
10271
54362
3652
11179
39790
32962
13331
30778
32360
376
42625
32900
37956
18
18095
31553
5204
19703
34964
32979
267
1117
49721
1690
34055
134
48553
1033
10357
15227
10020
13469
67
1564
11701
32370
1254
52955
30347
54865
174
19315
32983
34591
22961
33095
36548
10155
38787
36885
5940
50360
3342
9135
12403
187
50854
35737
27
42627
10460
22
24991
35262
570
2926
3167
36124
53516
15605
25389
52608
15
50710
61
34103
8888
49979
37396
1699
32526
48
19951
8277
36864
38909
36904
48997
53050
23251
33929
16732
42603
52990
18229
36704
40615
38889
15699
56923
50410
12679
22865
10456
32013
240
4814
11553
1118
51711
1639
33581
5030
32801
33433
49612
13599
3901
469
50593
195
5667
10079
1723
10578
19291
36754
33071
38924
97
44516
40059
14811
31559
38328
52969
36516
53632
51098
7059
93
2963
17777
28387
6007
32603
31174
1536
9330
856
28621
53421
3667
33654
36049
721
46093
19489
42940
169
56352
6372
11235
3958
30709
36903
44881
330
23421
40974
23327
48418
16668
52367
6895
56285
44807
45653
48239
21353
39071
12883
47162
39063
17909
5678
4107
23333
8408
31710
4981
18001
25015
18195
26443
16512
52193
20457
33337
9982
3655
30300
24227
257
44204
42429
901
7472
477
20509
23079
36653
9074
34480
468
48842
50220
48707
4789
53888
10049
38256
6802
395
49828
51648
34620
846
33003
49909
50582
34383
182
6862
5355
1562
1594
34086
37806
37597
29974
90
740
33834
24705
44931
39456
50
13333
44069
32407
54722
6421
4548
54837
51678
52481
37525
15565
32485
400
138
24873
885
34213
52446
33094
52308
1132
53434
37259
11123
54790
49233
687
256
35241
20709
40907
39486
35889
48471
1119
25519
57892
29589
48633
905
36873
153
10397
50481
43470
27829
16005
51403
26441
15059
3701
38959
36817
40730
2596
10278
45055
32681
56784
17741
16157
3927
51705
10798
898
51252
34051
33191
4744
52505
241
42590
34494
53770
287
52816
1565
8915
1029
18893
40960
17831
22273
1829
52742
24151
25429
28391
40515
14751
63
54968
532
22507
160
5177
2164
48614
53200
50184
51632
11241
40623
31592
9736
54724
35249
53889
3572
21185
33051
21563
40746
20973
139
53730
34102
31680
19363
35677
6637
34262
51128
617
52619
56690
27525
3091
855
14527
23311
16528
32494
30385
534
4106
57058
35756
37515
32245
37379
3972
32215
15687
52657
34300
4177
147
13807
31821
6030
36936
18857
32271
55848
157
264
114
36316
19285
28285
25
19151
54852
21329
24277
4182
149
57181
459
7590
135
49785
369
896
39570
30230
31630
35828
1462
2404
28405
26351
743
10073
27633
17827
15119
12893
55265
39199
15197
34136
38735
53065
11837
22097
15117
9331
48406
27601
34544
30370
53879
23777
36632
11266
80
45572
32491
32673
25303
52973
18661
40870
903
34414
906
37926
3467
37426
37514
666
38699
10418
37033
39705
30485
33010
7662
32696
11743
33012
4472
50306
40128
31098
58567
9790
37447
51706
29787
967
13851
3228
10209
9750
53129
40532
2952
9366
20431
166
5507
27891
949
52092
23385
32924
19365
51837
24997
3297
17389
10033
899
8426
24031
40392
42670
31706
21743
28957
42072
29317
50713
10119
23775
39607
29976
36652
29027
34537
51764
762
34392
35338
54913
250
37823
55825
28833
137
5690
16397
36906
39808
50803
9734
9136
50613
4551
49618
25517
41265
31537
49894
18497
900
2216
904
22835
9471
894
18393
30279
38935
33203
33018
38619
52995
32948
5941
14753
49782
4477
8476
33354
7465
41911
33513
4581
53488
49413
50664
902
37449
10897
41392
40936
31327
37007
56230
5112
50275
49980
44940
10794
51265
4720
4884
49154
49109
11079
132
897
37920
6954
54743
22547
53835
40359
39569
1120
6444
25649
30383
42250
32668
14407
35821
38940
57066
1239
31914
37932
5079
20931
123
9479
37722
36214
53263
48171
243
165
11751
36317
3229
48903
24893
34350
3230
1526
14669
40685
37985
33036
6987
834
28619
479
7
1430
53833
969
30127
34034
12231
53379
935
45560
133
2847
14807
34973
37377
16890
390
8536
1122
32365
36792
12029
6793
36039
372
33377
15751
98
15199
198
251
248
895
31389
34126
52196
4192
14027
55129
14765
48488
15613
272
288
996
57100
8934
24211
51212
13939
39469
51818
488
18441
265
37986
25687
52934
57876
37981
46431
50339
31588
2961
37440
31109
2154
985
405
35983
12461
710
49310
12565
40679
32936
12711
54103
2002
1088
30901
16355
32698
30806
38409
2403
39355
49605
27957
14921
13055
53865
48542
53
1606
28069
54265
21681
36043
379
1030
51495
58572
464
30091
2156
19383
53407
8479
51381
122
32083
522
51219
50205
33985
94
40416
2131
15911
40453
7627
6171
7858
6127
32086
37492
31051
40269
40682
51916
39651
54839
9981
23209
37579
18617
32977
19021
6377
38450
30014
986
32032
29755
462
43756
33948
15109
53590
10805
4970
55597
32981
1142
37585
37078
15437
42847
31318
10447
31500
33263
450
325
65
53802
16916
9107
34152
658
16866
53040
36616
15201
11783
51020
76
49834
34438
10681
6974
1412
452
13391
5262
54275
49303
1498
36699
1722
102
460
26165
3713
35145
31715
40752
28883
54870
42395
56062
32595
35078
4719
16774
24687
3087
451
38192
627
5150
48804
5342
32607
54794
7058
50528
38843
34541
338
15377
246
37719
53438
6164
59192
1566
32071
74
2159
587
371
40858
19117
55742
50404
1965
35015
52461
9776
39799
10378
31931
35434
6336
1121
11077
37442
50590
30206
12979
38476
37716
53149
1589
21177
37994
32553
37441
48779
31711
48492
28
1004
529
567
13411
30364
2494
5118
52482
35842
10298
51533
957
1579
34100
193
3974
5039
24627
36688
41783
33091
50652
51680
15771
30321
5365
12471
54449
49835
47250
167
36510
3299
1546
57810
1250
11021
5962
34440
35806
22433
2402
37021
2685
1860
32094
44406
14293
12815
6574
31326
25161
9834
974
1050
33573
6774
8768
24075
12783
5671
449
34525
551
32323
35110
30714
37522
53199
41833
7588
26213
5764
30415
18295
732
4026
30782
31430
31771
21845
49357
15775
38085
51318
487
40351
52611
30895
38731
3420
14175
37407
33605
306
584
40215
30711
13403
17505
8876
1293
54565
9587
33417
35111
55358
594
20449
10611
49053
27663
31147
59027
21437
54632
37621
59193
17535
39388
6178
48375
2927
25867
196
16099
48453
3358
21797
28817
51215
42091
18767
35503
34161
10647
859
461
9922
40485
2201
31452
21473
11739
8449
4672
33589
40550
53494
2986
28423
16694
875
33524
49858
20555
17082
2116
59978
59978
10491
54199
761
15879
27441
31378
31433
5420
37979
31380
8857
8740
32366
14355
427
16444
33023
9065
463
40513
39806
81
55102
38814
634
54617
32175
180
966
30365
35382
190
43697
48702
1303
43691
33080
31456
36962
52082
35198
565
401
50869
35823
6772
53410
32930
10507
36902
46420
36884
6572
34428
28625
57658
50586
58514
34501
30740
6381
10389
6586
49981
156
13585
55855
10851
38475
2508
38161
9314
55994
12487
168
40434
3366
54431
53213
56063
41567
45486
57592
35540
10465
1470
521
27727
665
21653
49738
10216
58
46422
10572
57555
1816
33089
53127
56845
3407
30991
42822
1956
29101
14515
53148
31138
38853
696
40529
54233
33241
32108
31783
51458
37498
10294
1074
601
36245
207
10686
31234
14189
28771
20651
37998
31483
39753
1852
2130
44983
41762
44087
26123
35589
36480
19759
49722
962
40784
28221
36990
2397
31080
10152
24629
18041
23269
22123
40879
34658
10015
3594
38198
50185
987
11135
1002
34547
411
845
1365
1709
58125
2899
28013
52962
8577
24037
10156
24543
41497
586
39518
465
516
2248
35868
33338
478
31091
38062
85
35427
52359
57217
412
38086
343
5034
2795
22839
34439
6610
31149
50606
36318
42571
37651
36828
50923
36934
35333
37885
1454
23587
11697
48438
54915
55717
49893
62
9130
19319
34580
9000
7695
31804
21039
57611
591
48981
38422
56894
4726
10937
34277
4535
35678
6203
36144
1894
42423
36538
39894
3613
53300
1453
32608
16385
731
23945
33142
8917
57864
873
320
40906
32551
7082
54
36702
19511
34148
23225
1140
8310
40083
39221
33222
55454
58080
35237
953
8100
514
37221
3001
7079
56538
779
31763
37576
19671
50953
16518
51794
393
42307
33899
11227
3225
10372
2107
41834
20939
41379
59145
49849
32863
435
558
28791
143
32023
34465
27947
27783
50002
12317
14093
12685
10083
21809
57584
109
10464
1251
50384
34855
6023
17121
158
15195
23121
41169
5028
40961
535
5391
4918
16700
8063
40206
7661
53237
15323
1015
5734
36943
32664
1361
31223
908
23237
54703
770
11113
6945
6634
96
33771
42745
1486
326
54760
6864
48649
502
53356
3603
37964
53621
209
49692
49938
52215
4151
940
50160
1842
43229
5835
56838
49766
1023
208
4196
50695
8634
36587
50204
1568
1669
56964
2594
35220
3848
40230
12079
34565
40842
38295
54855
41915
22429
31848
37952
850
2981
6408
298
49854
238
9047
31756
45556
531
40074
5337
2985
50738
48896
20371
40602
39819
23441
36923
15125
57380
880
30191
5162
39652
413
21677
50248
33248
781
53128
13709
793
41530
368
33323
6758
9712
14283
891
21879
52081
48820
15487
144
36094
21667
39689
408
39730
21639
14893
37458
55973
34177
9201
22673
38337
3226
4134
4866
77
35298
53913
37436
19855
9675
907
276
45753
8440
55887
3841
39235
34076
23383
2471
780
100
8726
13203
55774
45425
4872
30795
16868
1364
11371
54842
56425
28063
59989
489
9999
50348
9624
23701
389
17187
37936
38936
32483
40526
8311
34009
54301
40165
18055
5220
1569
490
33783
57891
55911
60058
33372
21167
893
19123
1815
31564
57646
1363
40803
6288
36525
39583
7655
56732
58939
40075
7017
55749
4879
1016
106
49236
650
104
4015
59177
10417
48742
31368
82
31733
34839
24781
33558
59131
2369
11209
4938
2158
34966
39495
12149
54309
55651
6676
10076
11763
8514
33075
34504
48590
146
45598
6884
10638
50338
16273
10779
36950
31324
5593
35834
42892
713
3231
34540
1719
56449
13261
58172
2273
508
1013
32866
36847
35789
17409
55153
25859
15793
28211
20045
21439
25839
5460
49318
36198
33082
38302
36915
7902
31665
345
3656
38400
1138
51614
34514
54866
50891
36517
24135
517
58516
1051
59068
9917
394
42668
892
1614
34299
49385
7337
55310
52
47391
54284
55877
20053
40064
9117
31790
9938
1107
35757
50325
9252
52826
20903
55357
12503
191
13115
161
31973
37578
26023
52985
1696
11813
32561
38528
1257
18411
49469
51368
33197
6467
40646
3089
14511
1379
9465
350
33299
1367
142
3359
41074
6893
48776
34209
5279
12069
35248
822
14653
20359
10604
1347
25805
31918
37281
1506
37341
18523
60022
56228
334
19391
419
52031
29575
2951
44248
34777
23133
31645
21469
51817
8410
45489
297
1557
32915
12581
55996
553
1836
56196
32171
30902
129
15863
2030
6633
44042
41053
1172
28299
2142
13767
20517
218
32566
9724
9925
1824
997
3759
441
10659
49235
38815
11491
17157
35067
54259
56242
33519
33889
5597
49
9539
17651
42941
181
34792
19023
43555
2921
29163
17821
54853
56876
10092
539
54041
40934
37958
5252
45649
7367
12671
18851
14645
31552
49519
39417
18465
20543
1060
1915
290
4163
25241
7748
3375
53262
56738
16239
2398
44059
40489
5955
17269
2006
56146
9355
37487
738
33520
603
34389
31540
19367
192
1808
34543
3220
5152
10075
41361
1366
53626
1731
341
46604
27387
46
24475
5074
32947
23227
33569
30455
38972
19191
1212
39921
37975
40930
4415
36431
8465
30721
18495
87
6165
302
37924
40080
19669
37140
886
58272
34962
37804
31621
99
44070
39049
35629
38807
7580
667
7705
20745
57616
58714
1253
45604
33845
15133
10536
1813
33970
35314
38276
6948
38777
18097
2559
1953
8624
569
763
19653
7411
1505
52747
984
7334
10740
11359
24913
55071
6489
53912
56701
32547
37996
22763
2175
476
17115
95
16680
20033
58390
1532
10370
24011
417
12695
50864
1218
4037
33190
12929
23447
6064
39489
415
1668
51
22537
47616
474
746
1087
6951
46118
57907
1095
34338
9963
35000
18619
17259
795
37598
75
39811
50399
6046
32212
6768
22125
36522
4262
7870
12187
44387
33350
52168
1089
43683
39567
91
242
10308
21569
32878
31121
12753
36275
443
37992
15005
6624
10232
48363
6645
50916
20545
5774
55998
990
4618
23279
4447
9618
21573
15729
54616
39545
34866
48405
36397
40102
38917
53428
38390
35075
27411
8023
5984
1034
40148
38733
51440
42568
59873
30464
36108
39531
60098
34534
39337
51781
54829
36466
1017
17873
34368
37587
4038
30514
53026
789
59708
59708
31980
47398
54000
32214
53881
1913
274
5675
596
3791
41372
59970
59970
49969
995
36560
38002
84
55150
33046
37890
2386
15609
9510
10336
32051
2962
12191
916
13587
10893
10330
35251
1090
19109
36037
19193
1110
53787
30868
1601
10187
37869
43760
22189
807
37027
10172
6896
37601
1469
48641
38088
50663
2608
34420
2148
30311
7768
34284
22071
32015
6973
27969
16982
44275
6791
43767
741
33031
39239
12367
24625
40979
30375
9055
54947
2171
4246
53179
58445
13093
593
17397
48505
4550
563
86
41589
404
7720
49590
35857
52274
6904
57944
47591
37154
57947
25011
1681
33019
52976
3210
12117
2112
37959
49292
618
21899
24531
5041
34481
860
40196
41590
27911
8038
15061
10259
35252
659
21419
3328
3352
18745
37206
9203
9735
20909
50583
23325
30355
6098
11859
1538
12119
59139
35191
32871
664
33392
3654
24459
56835
24855
1642
33950
42519
19469
4039
35320
30056
1810
879
24695
35159
50653
40841
29325
5228
2385
10017
37807
26057
11313
11005
38395
4793
304
32869
37188
36992
819
42774
7559
40608
36215
3549
3653
56055
57031
33280
49831
26085
23605
59160
34823
32574
53163
31499
54869
49200
9014
39681
32005
448
9751
34549
33733
252
23319
40256
385
55844
37490
9441
31178
40786
34445
30705
4596
10717
3464
56179
53450
32447
6867
37338
466
37555
28607
40964
19195
975
3515
1240
54835
28149
670
49733
16910
53223
8241
44586
3616
24261
36259
1914
15489
690
20815
25313
49483
35997
37831
42994
48567
30437
4334
40005
5178
9063
5702
36816
37087
31289
13859
40783
34021
173
1520
7805
33850
30137
31418
5251
1177
1543
33726
324
30915
33004
24751
3956
9332
2449
37765
656
19211
57845
33983
16241
9874
10739
7739
49556
7044
28479
1974
36927
8422
20533
12673
568
44044
15811
58883
10624
1047
32555
56671
33204
5772
52480
6163
30585
39609
279
9488
38663
35321
3014
1710
32843
5914
55830
2775
1491
56980
48916
39761
37914
821
27417
57635
14735
194
20977
57433
35835
33531
15439
230
39959
6291
15881
38529
19613
24175
2602
49842
10713
155
52214
37254
31231
2000
33218
756
1096
36840
3287
44408
26449
38536
2969
4021
1288
24641
18045
800
335
509
8457
3508
36455
22859
1094
1000
3466
35964
2225
17875
10249
37711
49316
54250
12419
38081
32870
34447
16051
13171
2683
11827
51956
36308
40590
54726
10643
719
2563
11531
32587
9120
51369
1576
25345
1372
1072
5521
39477
51464
49160
31994
107
10582
36848
963
863
5163
38544
13263
37870
25285
21415
4028
34904
1192
50672
13677
54883
1311
50315
48441
14237
4886
38020
40239
3298
3615
12669
1555
10884
31056
10714
56348
538
2752
48858
366
21241
420
382
21635
37599
2124
2490
42894
1157
42030
10928
36001
37561
8918
32836
56165
92
9958
2213
3446
54440
52750
14941
30344
2595
1091
838
38163
1067
11917
49559
37496
10715
16123
31754
36064
51371
1079
17919
1570
4053
21435
51473
55894
22689
10834
2970
10622
32313
37504
6115
1065
15651
33157
1092
5973
35044
47158
1221
56768
24699
38768
4903
38939
41364
130
57184
35250
31886
38431
10716
119
39184
32409
32792
17949
15933
1425
10470
35815
53033
579
125
407
18849
59425
22117
10380
23619
23987
12053
229
31096
32601
851
5526
40295
3016
576
4080
206
19697
2031
812
1951
31610
548
54846
1678
9213
8302
52229
1563
3673
53672
59986
33964
878
50917
53236
1531
50287
36539
48780
32122
35658
17879
57315
2390
42825
37897
22225
221
424
33032
253
15927
6927
44388
396
1066
36513
42364
36565
50203
2020
455
283
7728
1593
1007
2252
33242
38301
38799
9032
933
178
4983
2432
37826
57554
30948
38707
573
41466
5784
13335
4705
49363
38383
291
941
5902
48466
21541
48857
34427
299
5978
1237
19157
564
48456
51562
88
18039
37983
9322
31049
1946
33164
40082
788
49505
31439
12449
54688
5717
50532
22759
9581
39966
7645
8475
24365
8560
38921
32355
277
40814
37320
38797
3323
34745
18429
38628
25567
40254
882
40358
31519
20479
2161
4760
10808
1516
1352
14045
51366
53876
11769
51116
3269
19115
40488
34533
40372
37773
5233
20655
1362
403
11879
51304
30524
507
2363
31498
1527
55823
58934
15633
3604
1055
18713
39990
53924
566
34430
2354
3322
35082
785
28155
7762
23259
8986
2562
19841
1238
6112
37781
3247
41341
36800
37962
50183
30413
51347
8728
40024
25907
2520
937
6979
3456
31989
1356
37940
3931
21067
1397
28881
1025
25045
53529
12017
2800
51306
2076
4195
50587
51673
32038
37302
5306
37245
18121
4713
17725
35798
1581
483
55397
1133
126
21829
23301
48830
37902
59983
59983
1858
1727
4188
1078
33013
1243
34036
4985
33371
34607
24921
54791
37655
49291
37828
32606
37232
38999
201
40486
2942
5310
52293
2964
644
58967
51553
37402
7596
28537
22359
4473
56843
872
6361
59229
998
1577
16468
151
28215
49297
9890
6548
152
33244
497
49210
318
14827
39938
837
709
47639
38770
6024
10196
41573
1695
19257
5957
16169
34834
36369
1674
37103
34863
3121
33949
11161
5719
1607
13349
59841
883
42238
1826
40958
4094
3627
57362
34467
35988
13377
37150
17205
175
23037
524
9745
6280
23293
48775
10191
23479
40807
383
56400
8190
2448
32961
33322
31143
1650
33378
23201
6875
40313
21679
13117
37438
37029
21521
42984
50598
18499
38015
39166
764
6172
3166
5713
50159
51923
5947
11321
38235
31417
41332
57391
8481
41261
6129
10189
3318
32153
59654
59654
34449
34972
2367
300
42481
39014
470
540
9598
38920
12281
1483
13429
13221
39991
30952
89
260
52281
9996
15895
17643
35286
6920
11441
10687
31815
17681
3354
3577
20423
3965
39112
36871
12375
34604
36267
40176
30652
200
38005
58505
9202
10444
444
2150
2424
57099
8101
7062
2166
204
285
41611
16419
8532
472
36439
39392
56038
36803
29893
13267
36720
8187
10197
37966
6187
40491
15391
876
21195
34642
37623
620
2035
38091
53848
25437
12505
37884
40211
33668
8985
3363
51358
39963
3389
388
841
42392
4483
38360
10350
10431
3576
6919
7222
49342
52107
1471
1045
48941
51995
39582
273
432
3918
33037
38331
589
31793
2772
15359
34006
57102
881
561
1048
30869
12875
44274
21821
2321
37364
1003
49361
852
54687
3090
21373
6918
1588
32829
20473
40881
9347
37618
28981
23341
2182
50421
972
35714
811
1441
1888
58510
12321
15883
58449
11385
35759
34393
20971
28105
9544
5116
1230
14073
56948
39590
49457
30813
981
694
8197
2950
24919
19251
8115
11355
36371
35672
23989
25939
3574
9741
1401
38333
4130
55889
57025
31797
21097
13561
40429
1205
5307
23427
590
15325
50552
30641
15097
43693
42632
59088
519
59971
59971
38464
24469
30870
1629
50221
39948
22057
1592
2163
1862
3088
31157
34884
36370
1278
9308
36796
39506
1817
29089
6151
3086
40314
40897
747
499
4792
13863
2798
52364
30250
33041
24727
12015
33456
293
56243
59928
59928
1509
13145
23423
43735
2582
5454
688
358
3033
233
37509
2198
20673
12665
54029
54850
38749
49430
1838
33606
17743
31491
35566
55016
40849
57612
56906
48491
23725
971
1335
35122
57559
39188
33034
1457
10448
55528
49533
40853
197
12001
836
13183
29583
57567
38963
54798
554
36524
20919
38098
36305
39519
2356
1473
34742
20035
247
52357
49345
30379
13409
57557
45665
53874
37921
39470
113
14575
40332
12611
59845
49691
17
42587
17637
39574
32740
6050
33221
610
42387
9362
37596
6287
16636
1554
30925
50470
536
59833
59833
59897
59897
2235
20365
24451
5762
10109
15959
31156
30757
28539
40435
56008
38410
7053
340
35936
48470
10671
910
17437
1259
37303
57779
1747
35315
38313
36309
6505
651
41848
1006
5504
2604
48680
33184
3371
831
1525
2229
25143
2971
8995
37584
50668
38006
1019
649
33728
4811
41093
11001
2451
13833
11239
1241
10153
21189
162
2355
1215
37997
9934
39942
1847
10497
40738
397
38027
34513
6479
3076
4189
3221
49376
645
1487
917
105
1533
59467
5065
39592
59277
782
4765
49515
30243
10842
46971
48755
131
222
7375
15537
30382
33064
15611
9888
34204
10479
20801
45577
41595
38710
18099
1485
296
35069
34391
36009
25689
2905
1961
1685
3326
36515
17341
391
15591
1694
31675
380
1143
1374
1351
2832
28283
41660
42391
1602
32613
54863
31683
34106
42517
8456
29
11889
1729
48468
1426
1728
1164
59489
15963
53747
10702
12059
8348
1688
38292
49040
40272
10257
495
3750
44141
54463
1384
418
31853
351
54959
28713
1935
57466
2043
2891
56647
55772
5760
42893
1807
59490
888
17080
49521
40178
34753
26395
854
33462
58511
3392
42808
870
40747
691
49026
127
890
15411
9930
2623
11339
13119
760
6380
37106
23135
10108
6714
37306
14991
303
1859
37873
9611
8068
352
22745
3032
1472
39764
37764
59571
59571
292
275
40504
4358
25667
40861
1086
37893
42886
1214
8171
29513
34795
53526
724
5005
792
34915
6392
944
56685
32881
1762
10178
59369
59369
1299
59095
36497
32667
53587
624
212
1583
31422
1358
22069
59466
59466
9693
36683
2012
12879
19165
36833
57360
34602
621
41877
41051
48644
7304
2372
21325
4772
38985
2488
2589
2155
1567
471
2928
49514
33797
815
33566
1219
365
3593
31561
1103
16395
5141
52381
54225
38897
2547
11457
3085
3479
40298
39478
51461
43591
19799
2238
1556
13405
33814
40136
33775
1921
2724
6425
36000
6712
16149
37175
15731
541
24821
1194
869
976
6443
3270
1301
33254
1127
2618
31598
2829
9761
37304
12021
1174
50768
3031
37305
36951
4052
2123
1764
7135
35840
59142
6438
28779
526
31736
8057
10519
28929
7110
40664
39836
42867
184
1171
36029
30384
37822
1738
308
16608
1350
1793
501
32301
5670
12067
57533
55578
14277
48777
5029
27967
381
33113
34125
58271
6795
3165
34751
38693
1952
49304
10500
4662
43763
454
32717
868
32697
37374
9204
37760
7897
8687
1640
37682
3665
38990
289
14373
2768
21235
36914
117
1721
34733
1744
41061
456
23459
37307
3485
10934
15951
1316
5959
11255
38866
32872
3861
36225
2105
39584
1468
1369
10668
1929
1170
11755
38268
39527
110
637
40597
33840
30614
1198
35602
2263
1080
35960
866
6162
51305
4795
60108
60108
14117
30567
57945
9907
1619
38004
34289
1011
49241
1256
1760
9690
30100
49283
942
3859
50760
867
10807
56704
15617
34901
1043
840
36976
1008
635
16656
34675
16199
3614
21755
7875
56752
1524
38212
35118
4066
10737
37139
1488
43556
13629
1346
30891
348
40403
958
35746
39960
18177
12823
3545
38915
28669
40031
51092
7103
2178
36855
36125
15843
7669
10999
5333
1609
34830
37405
16405
55744
58488
20649
25647
33966
38217
447
159
1264
33839
8599
47792
641
40940
49572
992
642
22677
14267
2873
49263
20889
6401
34257
31283
36654
32152
5226
39606
492
48252
34550
20849
33994
22817
36040
281
35581
1018
3057
1151
37657
42990
830
32682
9396
38034
57519
39728
5458
11341
39167
41556
59174
38670
10469
40267
48653
37362
19159
2746
884
14835
3312
41290
20221
282
13201
2253
16143
1932
2564
6591
8609
116
43465
10933
52178
11375
50638
9493
42803
38226
38470
930
42143
4197
56700
41923
17901
38958
615
33069
1270
15813
51898
258
17345
31280
609
33181
1869
15841
2274
39480
11467
8756
35134
755
59135
525
2848
7396
17273
49730
40145
10683
19581
2937
14123
3349
1258
6609
124
41194
41266
58224
56
50475
1707
56836
31440
35727
36945
3266
353
35814
16033
914
398
2498
2744
34474
12997
5464
33419
55339
2499
2237
9911
32833
6984
56731
38157
17391
1861
35313
1211
23359
49066
57192
2108
2489
37704
9988
36729
606
22699
2514
1732
1184
51139
1661
5684
36593
7598
4136
38653
445
33712
1108
10260
54141
59985
59985
15807
39610
57160
50634
34723
1285
38083
37233
37023
35369
24973
1682
35086
27927
111
25341
1375
8668
1459
24471
38835
10924
17635
59226
38440
2135
1010
15711
29129
53406
10534
28961
266
40460
5020
4715
8110
6882
43349
9608
54757
16436
1587
13283
33362
28683
39530
23703
10845
44235
668
12055
35028
1980
59189
35676
9591
2132
2512
41140
32228
2603
1260
56609
4657
2222
39725
6980
51145
32287
40192
53162
979
23361
1657
219
49869
42260
33341
42976
55
9893
1954
1144
9023
50379
3840
37283
34784
12143
58357
2210
59390
59390
46701
2332
18655
21729
236
33219
56885
3559
33447
39800
10504
19051
59493
59493
32954
33729
17867
1255
39605
537
49320
29876
37481
35626
1917
5244
1137
33788
40506
2828
28447
21421
1163
2392
29808
34647
53911
59402
59402
30825
39274
42629
40763
1146
27815
103
2298
7568
58515
36625
38810
52405
18691
7322
342
49287
5084
3674
40228
978
544
37031
27857
1517
2004
25861
5485
3907
33737
1445
1082
10090
21069
42516
2931
23033
1368
712
60046
60046
37278
10694
35777
41008
23487
40323
346
8211
2409
51536
38425
33818
39042
31789
39397
30583
493
31810
36963
29261
1637
48897
4794
5216
28157
36250
50099
1101
9754
36458
10918
27945
915
37963
1136
55272
44208
21781
426
758
37967
14173
35072
23369
327
4156
2205
2867
406
682
29978
1190
13231
21925
1269
2513
6344
49627
32455
48425
35949
6704
33314
26183
1830
1896
1145
8
23151
364
14145
31631
53723
49599
3914
814
1944
5751
33811
7468
1654
29301
2044
1327
9563
321
35417
261
14543
1225
12677
56662
33746
33730
31560
818
11237
50284
30549
560
40833
41224
34374
55997
23831
38201
52149
3015
678
58592
28309
38251
3044
4502
51805
49818
50955
10219
35498
40661
53698
798
9793
1357
3174
1231
49866
36256
10106
2842
9875
38150
10258
53287
50429
53097
33129
28861
34376
1844
736
16363
42714
35673
1492
919
58755
5097
2500
4798
12137
8098
8487
46654
183
39591
58920
31884
31050
36737
14663
37735
284
6016
1749
29223
35228
24909
20039
32625
3537
1916
2400
1049
8507
56175
36483
34375
4874
5155
2903
15989
34388
35009
39421
909
33902
7782
34800
842
17277
28789
2341
750
37916
29809
1182
35370
34028
33274
9335
42959
16472
1573
34539
1734
1435
3268
1534
37564
23249
31117
6590
1085
50012
5493
5538
33201
950
41574
39487
40076
271
833
429
18693
17739
438
2042
31370
1912
10920
428
23433
311
50678
34522
21751
1126
2756
40134
1750
15785
51586
37047
9737
59435
59435
19261
1591
9435
504
51692
42862
35424
40111
4600
2515
34963
2597
37045
10532
31221
17947
2136
48727
1792
14951
22695
36491
50209
1261
588
59228
1398
27509
16317
57508
929
32039
54803
33969
1450
2199
33231
35926
37268
1879
2782
1825
19255
2866
37258
3135
1279
34290
14127
50407
51293
60059
60059
60059
12437
23579
1046
33045
49637
38389
1028
1021
1521
32864
34659
35512
37476
2789
51119
11033
27619
17819
9723
40100
53397
33532
1341
31128
48612
12637
6399
2214
58518
15649
34638
704
41471
11663
83
1835
1787
49778
2330
53540
38708
13517
3272
17249
28313
1224
50696
9088
6946
37571
595
1911
57502
2126
51761
3102
48624
5194
4010
53150
57369
5347
1262
59230
2753
54792
11615
57796
8339
2953
14817
10477
2417
33795
2606
633
294
9731
31298
50685
1187
2751
35773
38330
30746
16642
58853
31633
28593
1890
1967
3939
33209
9865
43755
1005
50010
33446
14627
6385
1041
21001
6877
40315
23153
2747
2852
35114
10547
6783
44191
5945
31890
10419
40778
864
17745
45783
2143
40331
30702
2125
336
6008
49665
21771
14347
1496
40337
49915
19919
18343
1202
44270
10703
40942
2413
1246
26359
39995
6330
40154
49550
1280
41674
23405
42640
14539
982
3887
59062
1972
8078
37699
1920
373
5348
37264
39619
31867
21867
30533
16638
32454
19029
2117
2523
5529
3771
8217
11103
15735
1490
8230
33690
1846
20877
4232
6198
9159
33035
108
951
17677
43779
1448
23539
53633
23697
33021
4549
23551
7740
17813
17371
24029
1348
7041
51716
2152
34870
25729
46587
505
35645
582
29511
12857
8619
1541
1985
21407
1249
2670
35136
1153
5096
604
1135
34978
19631
6152
39638
34411
1290
421
10384
4454
49110
37036
6581
38578
39085
1349
15045
825
53077
254
3948
33962
41520
28311
58484
57325
51859
1704
3448
25755
22543
35135
50474
973
3419
4205
669
1387
3710
3010
14617
3447
34941
1901
37516
37204
38061
286
555
2411
31593
2204
38254
34903
1647
40610
11867
6231
2147
50999
8293
3962
37277
28495
10870
4664
33302
57487
25897
35300
38860
58222
29855
7456
40280
34325
816
35224
1500
16059
1670
32423
1191
13245
11745
39094
52709
8291
12725
8666
33934
15867
49073
1147
30679
278
36492
1631
20757
42506
13595
370
54754
11083
1342
54633
1245
4786
16189
581
1152
49703
31448
34747
4360
21267
7270
115
141
12447
7474
30695
630
1578
2808
1419
13785
12057
40658
40085
1703
40854
50862
3692
377
1180
41141
45620
52045
31227
3992
1773
10838
37505
2452
1416
2294
36755
2396
4921
1968
673
45999
6892
40677
1432
31189
2580
10302
9638
4936
11507
31578
4082
39194
32620
600
22693
337
10827
5291
1148
546
7045
259
1994
1220
15313
36121
961
1969
38971
34759
23787
13057
35183
11185
17843
29083
58173
37207
2705
24347
3449
42129
14077
2871
636
37262
59828
59828
2560
29831
36468
1418
2014
38982
733
6964
41260
2615
3488
30812
1062
32415
32026
32405
36889
3332
5196
1663
2113
40722
8331
3011
34349
3288
7016
12959
2202
769
37563
1376
33505
11073
55194
1799
58216
31145
1542
5256
1988
31196
1410
4690
24967
1380
7463
14049
31788
6787
35327
1097
27939
39585
2383
2841
1941
37703
32410
13839
1109
19067
31168
631
6560
2762
38009
34077
35425
19953
331
29941
34402
1706
18989
44390
3970
37172
3080
1064
29998
1628
10445
33865
1864
520
54738
41750
20871
1289
2497
21773
1494
2346
56420
52080
9744
1359
41221
36655
58502
1746
53246
3258
54858
38664
29705
32063
34532
17267
10573
27887
34361
16474
2106
3626
59361
19845
7651
30790
9721
2978
47904
30953
8206
31397
5725
69
3009
36502
38162
53447
2730
1324
10731
17731
1761
48626
33562
2170
15043
39282
56741
3430
1042
9442
47794
1796
629
40023
27503
18881
25801
20723
14129
1978
485
37590
1020
8894
35559
41549
2041
2542
17491
41780
36010
652
2324
10590
2393
2048
344
2450
34644
20843
49827
1780
42798
2033
32437
5225
2269
11483
42048
12065
33156
128
1853
9328
25431
10488
16211
41521
2611
2389
13931
1382
458
30547
30237
29829
6709
14875
40873
40369
23285
36419
11019
18053
3369
36052
1098
1634
13163
1802
6194
3000
37223
2761
1910
56691
9782
1408
35446
1209
49523
31780
6234
33768
4399
16023
11349
446
1804
8317
10458
1371
8231
1679
44192
47405
35781
53716
4469
27603
2695
31139
2454
39905
1692
817
1181
7081
37474
50267
48735
40982
1156
5505
8039
36109
52186
5332
5298
44196
6275
1106
7730
42385
4450
1084
2174
6368
36604
39058
30913
1940
5080
2655
1797
50281
2673
38250
2286
22847
50871
614
37089
34295
40850
54122
29830
598
40761
21201
2109
2571
38789
1675
32802
6465
36077
2884
50599
35720
5305
2313
2291
10695
4362
4910
1608
34492
2965
53013
36536
3050
19575
21597
37370
28841
9220
3125
7305
31927
36689
33993
706
55842
52717
6154
9241
17717
52291
13757
35335
767
8022
386
21075
693
17849
1128
37176
23985
18525
9311
2037
43466
13855
15409
37272
11009
653
48651
32191
25719
56842
1783
39380
22661
38030
32240
53414
1550
2281
30919
1248
37988
1130
1186
31883
40613
25117
10916
21587
28431
10917
1168
52890
1484
10098
34812
1800
10122
20377
1312
6958
39935
12455
7014
7708
255
1226
50105
41782
53132
1022
42031
10935
10531
19645
3670
4304
1216
32267
38262
33769
2725
1302
685
14993
35029
11705
4639
518
1400
53671
40521
2220
10628
21495
30829
4033
2955
38037
354
1504
38527
484
2619
797
7066
33011
58573
28761
41105
43467
13141
2013
11583
33979
22955
13159
776
39795
33740
2032
3053
262
3889
8792
1343
3060
36501
5419
8438
54916
33155
1399
16678
1167
3745
835
1822
23425
39168
41223
58772
40819
33309
38824
18413
11067
13799
15719
21835
1908
7969
11099
1996
21671
3468
29085
36933
16914
59848
3944
7471
3727
2577
34771
52617
31165
10391
766
35982
6654
148
23047
2433
22039
1203
2548
31400
1206
43629
9205
39972
57470
3888
4763
2722
53151
53012
41781
42756
2446
1204
22335
34453
2907
506
24987
5998
36789
31521
2335
118
44221
36895
1037
1508
13837
4003
5032
10457
1149
38449
13185
2391
24377
22831
2349
1433
943
40735
5072
32895
35006
32239
41289
1391
3101
21853
9774
9645
36798
35984
2461
27629
13727
55878
2983
1196
48697
27613
35931
12863
34530
2336
13731
1922
1998
50438
1942
12957
33291
3679
2169
38995
3668
5424
51415
8358
1081
3027
37747
37164
36777
20987
31115
626
9232
58749
2543
1233
10334
32309
13219
35883
1598
35182
2684
1044
58717
50192
2098
6690
30898
31740
33360
9970
1474
35418
1104
1693
1658
37910
1925
27419
39325
4320
38357
15407
43434
60055
38436
2438
32484
32953
1924
328
3625
41236
1655
1360
50488
11793
32174
1417
33455
17679
54758
31909
5045
11065
38740
31652
37126
55318
1785
30290
439
2835
36160
1651
959
23363
10217
4460
30419
19099
7152
622
17251
1439
34820
13239
1415
25943
33125
2221
3429
2896
11997
5583
32016
1995
43353
39846
9935
112
2675
55636
33394
2162
38031
1232
9849
40048
1561
577
4312
2656
34107
8359
6794
1336
1475
11177
33572
58822
37346
13325
1223
39169
35285
1442
48411
54656
32311
31851
41200
2188
29573
5132
3478
58985
12995
434
2665
6379
34167
533
36240
1923
7083
35592
375
1286
24273
10546
44064
2217
49202
44218
36022
40656
708
17747
32518
2017
38252
1272
54859
4590
671
31762
40519
49944
203
50673
34455
5316
1070
6276
34337
7654
1477
38199
2557
13019
1124
58082
2988
1865
5651
15925
3469
55720
49847
17539
1881
21695
57648
40320
38851
38435
51616
1276
10801
13169
1437
21013
2524
40855
2458
38620
4069
21009
32772
40335
32468
37109
1919
50770
3579
10697
42166
49587
33027
55149
22347
844
8362
1317
1141
19945
50161
655
1635
1438
21073
38373
34776
2539
38491
8278
4503
347
48861
2110
37286
36982
9487
648
42224
6041
49780
6117
932
17395
34008
1502
9785
33074
1868
1252
40700
824
33981
40472
3286
15847
17855
36784
10325
16331
8490
5369
56805
31861
36823
24171
1069
55843
5462
36137
2592
57034
1596
10804
1200
10958
38265
38050
60048
29807
163
20743
8655
35567
40336
13639
50237
1370
10810
36686
42321
31838
1032
9124
34048
36494
1572
7303
54716
31995
22119
51288
22819
33681
39471
2406
50789
20671
4200
11679
25923
54772
2664
6635
10390
2288
8654
41146
51039
23735
29165
58524
16335
6986
3954
3324
1217
5199
36564
34238
12123
23305
40327
39024
34178
16644
50553
49163
54398
32700
31118
57719
35255
34491
36485
58473
231
1603
10348
1718
2196
23849
36553
31997
2447
1436
31344
2071
2677
51662
9333
33187
1981
5967
39676
12961
13843
20379
2743
30242
45587
6941
4718
1683
2553
4607
605
2817
6705
1918
15291
38325
31401
9706
36342
38716
1478
31865
49524
16928
7178
752
51940
33564
1841
1413
34740
23781
50571
3641
1123
2261
977
2267
1476
2016
34030
2661
1553
3829
6463
1958
3711
15839
6169
31070
24713
15539
33102
32906
43483
14657
952
1775
5025
244
49701
8097
9288
35178
49020
24835
36241
6930
30741
34611
718
58811
5085
8909
1878
51773
48698
19133
1622
30988
50139
41688
6460
1338
55237
38669
34639
40022
22785
607
1112
34899
2530
295
56009
42414
18771
498
52967
23115
3081
1111
5494
7774
42685
40334
38732
6582
3302
5172
55845
11777
6219
36775
42206
473
54005
10338
2352
2486
14853
49223
44412
8705
34312
5845
33713
34208
771
2290
48513
17537
301
40924
2676
19889
42562
9001
35448
31101
56785
2218
1434
7266
39989
3239
39622
41462
38903
14379
2203
15845
2607
47410
41132
791
1179
52614
2569
48889
38419
40665
2011
52921
1422
32997
51335
48862
1431
730
33820
2460
3401
2870
15431
31158
33106
6988
623
42592
43600
10770
57448
34016
37247
991
22419
14957
11747
21305
37970
2060
1514
51251
20965
9002
36849
34399
34088
37433
2825
35770
36344
18653
27363
40639
36343
51217
55115
783
43793
1199
49793
37088
22013
37008
9310
4714
34649
1455
19857
2419
34535
1339
42591
15535
5877
2726
22583
11807
20995
37864
496
4712
695
55315
29916
808
1489
3127
2050
5259
37046
28227
41531
37815
7265
59957
59957
19101
60146
49487
48832
1161
2617
34529
40394
56840
10690
10553
40477
38798
4004
33185
1057
30376
36545
612
10483
35202
7744
33138
3403
31885
59846
21103
36824
1424
6209
37360
4264
5351
14995
28859
1443
40845
4876
2598
39640
6694
11053
2151
5315
28351
34670
15219
1724
40894
25259
34787
3335
33118
41439
1930
3012
20329
2858
1720
48450
29035
20187
10074
2293
1421
799
35334
2954
557
2544
27881
22377
1296
1777
425
2819
2784
10792
333
2669
3079
24169
5053
6713
559
18231
911
912
1420
5968
176
33240
4353
3077
1480
23299
8026
12501
8369
5212
2325
42161
12035
36473
25055
1423
15541
37858
17351
37814
999
13139
39993
48422
2671
6692
10923
42723
49945
7113
56218
39674
36032
38895
17012
40389
608
30651
33033
7972
42071
32151
8245
5209
1414
40733
10886
7745
17699
4166
1403
53882
54294
41029
33514
58929
59497
59497
2659
53933
1056
734
36956
31634
2157
30251
33173
1189
1116
37860
10392
18959
34454
28169
29852
40233
1169
2215
599
5844
2609
1178
1751
39068
17541
1931
1501
8234
59349
2227
8133
37769
4012
1880
1832
5691
7550
33165
2153
12579
30739
55166
59408
59408
49095
34085
27413
6985
50622
6555
24357
6736
48824
49335
56189
3058
36051
42324
24271
2089
1633
49295
6148
23213
20959
10581
40137
42106
26019
45782
25365
5712
2138
19573
3219
33025
2558
18455
53525
9467
58833
56960
19569
54730
23101
6122
58437
49652
1235
34197
48449
37422
58531
48654
35558
27741
52289
47413
4650
35932
8987
7248
8394
24453
13215
4810
37859
964
12411
40438
19859
37308
921
38039
54638
2755
21575
1325
3327
40734
48426
11969
38513
43771
49574
24935
33245
33720
12651
44583
33491
5918
361
23665
38149
1823
2706
34246
5753
37395
10765
10849
938
5832
14333
38720
53850
19103
14317
9545
10629
10764
40520
4508
1645
2883
11487
11031
35740
3747
30128
40465
54042
45567
23991
39299
5996
2713
52402
33672
1660
24591
5386
6558
33104
3737
5743
32412
8709
28853
28869
36721
2534
9968
43013
11715
1429
57390
49819
49222
39864
13619
31201
2407
3493
34165
1207
1165
2799
56646
1626
2654
33153
59055
8626
6153
10906
12585
2621
21395
24429
30381
24823
1767
2317
37090
1652
30460
510
25877
9056
6418
42163
3019
6337
3636
3005
1886
12373
10947
39382
40959
3421
1805
632
2141
2516
39244
10948
7268
46488
12429
41207
50846
1902
53873
928
39917
1599
57478
1105
32735
913
41206
9883
2249
49690
39893
25257
2938
6032
3707
39987
1856
59419
36424
6567
2257
3680
21363
1837
309
28179
11635
9979
4057
4491
31530
9309
42883
41795
1957
12131
4078
5658
34311
40266
3728
8491
4361
9170
10421
33741
57647
31676
58600
1648
2245
50060
2531
2590
35609
2427
38089
48577
1798
360
1493
5027
49123
41659
33024
9312
12157
11069
2920
722
24911
349
9008
59597
1427
2989
57798
32805
2549
58877
8837
37595
13223
10280
33056
3805
11465
34937
1803
475
7262
16614
6509
1297
2982
30039
14479
9353
40151
3999
3886
30896
1150
2118
865
24851
43568
3199
4342
679
31518
3940
39466
20267
51989
32011
29703
8648
7712
12709
6587
1636
2816
21571
7276
57517
49571
9716
1479
37178
6149
2165
57993
171
5578
511
38673
5569
41794
2810
21349
2875
50443
53425
580
12221
49138
970
3622
3051
38038
2811
56877
49460
55547
2230
1465
32190
50094
25457
36569
32321
10821
59612
319
374
2648
1548
17551
613
32879
6686
1991
39699
2183
39164
36186
50607
56553
2359
30196
37973
6999
744
3043
29643
33803
41219
32383
37589
2018
4209
16101
6748
4114
2868
757
55731
4804
10016
1295
1597
2667
1298
37778
34015
20589
40212
4365
33685
52020
53074
2194
827
1676
37044
34974
49402
10351
38937
2525
49338
38453
2526
40013
37755
31485
14629
25875
8111
515
1659
1185
38068
2688
2869
3919
25383
38717
4027
28205
28673
9924
2224
3618
2554
4646
8062
2459
35730
9778
19431
2029
15673
1183
3038
10570
32950
30132
40901
2361
2337
40156
2703
10949
3896
715
7612
2331
4851
38033
4703
50436
13937
2973
4997
34318
52085
2813
10003
14889
3007
36876
1331
55748
43741
32730
1100
11749
27909
6217
38742
20141
1428
51307
316
30817
920
1193
3024
684
2505
15307
1373
31608
11809
4513
30454
1769
2495
6685
1618
7770
37622
5983
50414
689
17871
38141
54740
25375
3744
5019
33393
2470
53720
12499
10766
2729
14647
57623
1906
1328
4730
1481
14563
36239
48880
42344
2255
37209
1794
13173
4162
22655
32982
38779
1821
39538
50411
18151
10180
49164
33443
9588
29730
5427
927
21737
49762
980
40197
7453
1024
2038
711
12867
42194
24317
41793
3916
2960
21497
31319
1263
39078
41409
27879
9904
34168
36185
54912
17113
2945
2767
14989
48615
36725
6299
3995
2834
2658
37127
56967
60012
60012
57961
10359
59144
40712
40405
11855
17791
21427
6885
35880
41397
1444
1407
35238
2579
1600
2748
3265
58259
21513
60267
52904
36783
7458
4421
31233
2911
21703
753
3006
14583
2262
37619
1701
2657
3137
8908
36083
10691
6286
56511
3475
50469
11853
40957
41396
37663
33758
23247
32238
39794
1406
4701
729
2666
9798
42848
10502
2200
3989
44193
2967
2408
9547
10297
2254
44081
9040
2698
34959
49942
41919
34283
54040
42076
56461
6531
39803
35343
23137
10501
7264
1277
32481
41917
40630
3417
19973
44211
40995
58854
14659
2463
773
2137
36184
2099
1378
2121
5455
2517
38681
2228
2946
1874
36629
8367
3154
3048
8292
7279
24021
2357
51294
2119
378
53702
2212
18599
10014
30658
40922
4531
35347
2333
4443
41370
179
5819
38784
3501
4962
36561
21335
4124
40471
6743
59012
39675
3991
39093
6689
2662
15783
51710
3256
1271
993
7581
4698
6809
6220
2668
49285
36444
17655
10950
3008
10116
38032
2947
39721
17020
10301
31827
10420
2672
10862
37287
40097
59730
59730
22733
36858
9009
35726
2010
359
15177
4095
5270
41195
24745
40398
34683
3234
53130
12237
13679
35739
8653
29413
8939
2445
51309
2556
8363
35923
4591
5214
4540
23067
48962
35683
29915
40801
9673
14935
16574
8360
3307
1725
556
1040
2140
32476
1388
965
14661
36756
13673
49215
53859
32946
41512
1014
51203
31670
40181
36033
11547
7573
47402
8800
6402
2145
8635
7261
36148
49518
48537
59457
51653
786
1795
30600
17573
39365
2674
2943
38891
2284
33170
32511
44194
35827
4555
49165
6527
23519
3941
38022
33119
49895
2958
1175
2561
32691
11687
41124
37034
36288
2734
57152
3218
1736
1983
11471
2506
1389
2287
3642
49939
4667
16187
25635
57180
7549
8337
30543
3059
30531
5890
616
37291
58549
36692
10775
52185
55570
23179
31133
7179
5688
31402
611
4060
38104
38975
21059
3437
28517
2704
1845
40578
42757
17917
9005
40034
27653
2387
53204
2948
6293
16442
30770
30826
1623
2922
3882
7668
5290
1166
41463
1456
40246
5168
51986
35965
9708
24849
6891
51280
48953
1466
619
7583
42128
3422
34552
2415
6749
748
2364
10048
35603
13259
2308
13559
36196
36967
2122
38533
9342
32202
33522
48573
59819
59819
52015
1549
7540
16576
49755
53235
5643
18695
2036
49179
32461
35346
2176
33038
16434
1812
38558
1684
37483
59452
20613
33363
1632
6094
2120
15979
3787
50654
9786
27825
7857
28531
59898
2436
1909
40711
21861
3578
2441
50694
48652
54197
2219
34013
26453
13217
20557
33697
8287
12433
58143
32993
53725
23627
42981
3602
52575
42359
10552
28603
50403
35891
38530
8366
55995
49551
7060
44061
29853
28207
2322
1377
5158
14693
38095
39999
30771
3250
2473
41511
3152
49987
30262
7877
23
20945
4127
1386
36242
42266
15077
5686
38035
54629
3963
33883
29255
1344
45574
6628
57980
2987
2861
40473
28519
1743
2929
17357
5802
38741
10327
9006
56653
23023
14685
6130
23439
58359
36246
16381
3107
58131
3686
57050
13253
1036
34895
10592
52199
18755
1560
33247
22295
3898
858
37736
11773
34975
2420
16508
49739
10825
12343
49848
21393
10177
2371
51585
3356
14047
52684
39298
4651
27907
2302
2211
2414
1451
39080
38831
1765
313
58779
53677
12955
1806
31035
2351
55524
15891
33208
34394
3738
1273
20907
36291
23057
5267
52814
36542
48481
2468
2277
3112
51722
1495
37181
36461
21851
2760
21031
34818
20855
3222
19727
2555
503
39113
37388
31573
2394
38046
38865
32084
37771
646
21649
55850
38775
49501
2620
40044
57834
1093
8289
6604
3736
37265
34032
30686
41030
37224
49820
4908
3525
39011
4732
58855
3223
32785
1638
5859
1882
2193
59150
59150
42223
2275
2285
2694
48627
3772
35776
1460
38882
305
34836
2279
37937
2067
2793
47777
5324
40749
42593
35631
35999
52104
53852
1345
13073
3964
13373
3062
35231
36498
40167
30617
751
3295
35522
32359
37148
58265
12699
6741
45658
33026
29017
35204
51664
50250
57663
6959
2780
2462
1026
48455
34821
3205
37887
9393
5624
35480
22081
31967
8294
57888
10832
59514
31668
59505
40157
37293
10050
32548
3512
39114
2803
5211
6657
3976
1630
37990
18835
38767
10819
36122
31486
3171
1733
10799
12963
3067
30291
1779
38601
50487
3438
7144
31866
571
5031
2719
3308
2264
23719
9990
39065
12347
40755
4816
56605
754
33658
42141
36861
37501
9287
9375
13175
16610
1781
6235
59204
40941
33750
1497
24371
17815
33515
2231
1115
55775
49211
41528
1160
7882
2259
33490
1778
48843
2412
4476
6883
2507
2766
12121
9346
234
37600
3946
1759
8361
50156
714
4363
2583
21027
9600
1300
37292
4663
38902
10101
3120
2546
2678
887
3801
43751
10693
7619
2103
40893
13309
38714
3072
43762
677
58689
38036
5603
33087
33997
57915
52562
3394
35752
17543
43791
31586
10822
1510
33724
3381
40569
3215
7108
1283
8364
41454
49532
49290
2585
10263
45961
30573
823
31678
50804
10516
41271
40835
15453
3571
54917
38850
2283
7759
19635
6496
3162
34939
40166
33798
10796
1973
39526
34758
10429
6566
58091
53724
22815
51723
59636
59636
1337
3538
2717
53492
3115
32294
13375
2405
5397
7611
2111
2797
12921
1895
39680
37448
23761
2616
50559
49409
574
4494
30269
10689
53424
33687
13379
1854
3883
35573
3281
8651
38107
1409
15781
31966
1811
8754
42284
52252
5710
40659
1234
2693
6069
53851
17811
41399
37418
2084
1035
32959
1964
1757
49059
2276
3581
36531
6303
2134
40762
20811
38179
48568
925
42750
29975
3509
36436
1208
2185
44067
1340
3350
10276
13835
8652
13251
2303
5883
58066
3506
36577
1788
6422
11595
3071
50274
29437
4653
1544
37222
13143
6383
50208
32894
5213
37980
32160
20913
5200
36500
41283
332
8368
53599
2709
1617
4416
21409
48678
3484
5075
10549
29868
35818
11469
1960
675
7597
41282
54851
49507
11815
2370
3110
40129
27737
49353
53627
51836
9434
39022
6061
5054
9931
6953
59820
2997
32467
7377
32684
19629
3069
37740
31911
19283
53512
20155
20969
51191
29419
10728
1385
59843
59843
38719
23083
40109
2047
9630
34302
1039
10679
51218
36932
50538
17497
28835
22901
51225
37577
4050
16690
9646
39826
17705
8767
36825
39178
44068
4173
1979
40632
1068
33686
5953
41405
5993
55806
4042
34332
53109
4532
3706
6691
19633
53258
8365
1754
1873
10575
6281
40554
6726
2591
2437
2859
34734
42514
53426
810
3391
59186
362
49570
51736
1752
4278
6226
5539
1228
3522
5447
33183
2532
41558
34961
2090
33205
59169
3040
42831
1624
56601
53680
30499
3305
2917
1083
49329
32816
39257
10545
2862
16319
35235
58788
3186
968
23043
16936
12917
53670
41286
6901
49989
11691
31108
2944
31785
13247
723
31403
6535
10936
24327
2696
12727
38677
3111
43745
3157
3507
38760
3385
1102
2484
34999
54196
23477
3105
2827
53588
37169
545
12223
13249
4823
9167
2586
36119
7273
1791
49982
31144
28511
16091
2300
49661
27747
10824
6055
51068
58964
2584
38154
1275
2039
2895
13479
727
3138
51737
2023
40932
8423
41063
3004
1664
1009
661
5924
42383
51721
6872
1129
5288
38444
49943
2250
2863
5210
3146
3159
19351
34725
2343
33103
2410
17727
21479
1162
1227
40836
5082
57789
5153
3306
51685
2754
13971
40245
54026
1866
58913
8503
49860
1558
2172
3807
1353
38994
7582
1158
213
55255
36875
8373
35458
38621
8840
2527
42653
3836
4356
56566
40073
36173
9326
660
6184
38347
37586
3160
20707
30649
54015
2686
52137
54902
9599
3535
3292
3809
38429
2053
36544
52846
1247
50098
10905
1540
2209
13691
2692
6327
8297
57093
32248
51088
49759
4306
3568
51243
39217
59892
1928
707
6120
1789
2077
53780
4756
2100
22435
6076
2040
1113
50985
37424
3858
2312
11523
32338
2360
3388
8839
3410
4011
50051
7591
49871
3638
56949
5653
1287
4198
22113
3035
2649
3227
832
15547
2934
39277
2588
4191
56442
30218
32817
54468
2836
314
2061
1662
21451
5056
18419
32806
2309
3037
2770
1586
960
1329
13715
1515
41714
30903
7363
2102
27709
50434
38181
57071
1076
2465
7430
38203
1899
42829
2068
30922
38864
5644
26059
31331
7861
2422
40971
37939
3193
7578
33808
42889
2305
211
3136
2057
1268
37184
21595
53678
25439
53731
2786
4689
3444
37784
57924
5016
40305
4164
3406
654
13643
41691
3660
55161
3672
50905
2792
1274
2306
2307
2083
2133
2292
3802
10823
36995
35472
31978
1848
42855
2087
42187
2353
37646
9884
19297
4485
34223
2652
5321
3285
9718
32886
2745
43001
5520
32133
50021
1381
28439
423
2429
58159
51463
2457
44025
2191
37266
4492
2576
4688
9733
31044
44056
39979
5281
1458
1755
34623
3336
32502
1904
2723
3271
12907
36722
34614
34799
1756
30246
2304
31018
2511
7579
1440
5549
54603
2998
2533
3486
13427
49592
43426
34506
4389
31566
36162
58302
3761
5585
7561
54198
9327
50689
2475
3518
5109
647
2180
39223
1982
35499
3411
41916
37340
39736
53890
1742
5622
2528
35780
363
37866
924
8134
1511
1927
33709
16718
2727
8249
3868
39944
31300
30845
4486
6246
52420
1831
3998
41235
2435
5147
3483
50919
1966
8290
54495
2510
1672
2315
2062
36440
1529
13669
50855
55809
28385
3906
3913
40208
59551
35206
3454
1539
53585
1053
20391
34244
56734
41307
36537
37739
41842
40651
9035
31105
3382
3729
6312
6607
2064
59688
3034
41306
39249
30912
5165
10043
25271
2453
7781
12101
1590
32739
2521
18781
2168
2395
9806
2536
2019
1766
5907
280
2804
48177
2097
2715
5415
36556
36166
1611
8250
1390
2897
1265
36910
2063
2660
8542
2377
926
22215
2572
3390
30537
2350
51404
422
37507
41202
37408
1819
39884
2540
3021
25999
9523
48502
3095
48684
2781
29087
55647
34589
4533
51988
3754
50251
15021
2474
1711
19207
49204
4398
35473
55616
2179
41519
17659
30030
1332
602
55289
37672
59175
3977
10938
2733
5330
2088
3595
4481
2796
36805
3917
54312
56497
39511
5875
4176
50324
59002
2479
57283
10869
32274
36637
686
32030
34802
50958
49410
9943
52134
3837
5308
1999
51038
16476
4150
25669
59817
59817
33541
19523
1949
2009
51065
7718
2430
39452
3905
5723
3325
16646
52893
39191
1898
2634
51772
39912
28077
8208
58739
42267
17137
36952
9211
3196
1857
41375
42057
39738
5568
52245
10361
55003
2522
6096
36606
12877
3560
7176
11787
1383
31065
29801
52273
54118
2128
5164
18639
3254
2776
51321
40885
15717
8961
36920
16964
18149
49396
12745
41814
47307
49386
57441
3981
1748
2699
4138
54133
2021
3582
399
1071
38672
3418
7723
49558
2319
3427
34893
217
31581
2223
3452
16604
37662
3003
2570
51340
562
994
4827
43694
6975
59010
4067
2518
4149
5834
4493
1392
54775
39643
38067
5830
3532
1893
9506
21775
33048
51195
10732
3329
55691
41164
31113
37185
5484
3635
38804
38021
33696
57435
1768
2788
31750
30924
1977
1786
3795
44065
34243
3820
2051
32572
10405
8017
2266
50537
3424
4849
1843
3039
40806
725
8950
54035
39066
49448
5656
2913
2991
50207
21077
2379
42832
14675
5440
28235
1411
9324
5051
3211
2206
3558
54142
216
50435
1959
3911
18549
6641